id   salary degree experience
1    58.8      3       4.49
2    34.8      1       2.92
3   163.7      3      29.54
4    70.0      3       9.92
5    55.5      3       0.14
6    85.0      2      15.96
7    34.0      1       2.27
8    29.7      1       1.20
9    56.1      2       5.33
10   70.6      3      15.74
11   74.2      1      22.46
12   34.1      1       3.16
13   31.6      1       2.62
14   65.5      1      15.06
15   57.2      3       2.92
16   60.3      3       2.26
17   41.8      1       9.76
18   76.5      3      14.71
19  122.1      3      21.76
20   85.9      3      15.63
21   55.9      3       1.17
22   44.3      2       2.33
23   79.9      3      17.10
24   58.5      2       7.45
25   57.3      3       4.55
26   61.0      2      14.39
27   52.2      2       5.78
28   45.7      2       2.08
29   44.8      2       1.44
30   39.1      2       1.00
31   68.1      2      10.53
32   48.2      2      19.23
33   51.0      2       5.18
34   40.7      1       4.43
35   51.4      2       3.04
36   40.9      2       1.02
37   57.7      1      10.14
38   95.5      3      26.53
39   34.9      1       6.49
40   66.6      2      13.97
41   30.0      1       4.18
42   64.9      3      12.88
43  151.2      2      16.01
44   72.4      2      11.13
45   41.8      2       0.71
46   57.8      3       1.55
47   72.7      3       3.92
48   36.1      1       4.37
49   39.8      2       0.79
50   29.0      1       0.65
51   40.4      2       0.69
52   40.7      2       1.09
53   41.7      2       1.58
54   97.2      3      10.89
55   85.3      2      21.08
56   42.6      2       7.00
57   39.1      1       4.09
58   46.6      2       8.86
59   53.9      2      11.05
60   87.4      3       2.37
61   81.7      3       6.37
62   42.5      1       8.00
63   40.0      2       0.44
64   60.5      3       2.10
65  104.8      3      19.81